Case #1:
10000000000000000000000000000011 83 7 3 23 509 11 3 3 41
10000000000000000000000000000101 7 13 3 191 1531 281 5 3 19
10000000000000000000000000001001 11 5 3 17 521 23 3 3 1637
10000000000000000000000000001111 13 149 197123 7 71719 3 3 3 3
10000000000000000000000000010001 5 67 3 241 23 5 17 3 3259
10000000000000000000000000010011 3 2 5 2 9473 2 5 2 7
10000000000000000000000000010101 29 2 397 2 29 2 3 2 59
10000000000000000000000000011001 3 2 5 2 83 2 11 2 79
10000000000000000000000000011111 3 2 3 2 5 2 31 2 142754869
10000000000000000000000000100011 19 2 89 2 23 2 73 2 17
10000000000000000000000000100111 107 7 23 64919587 47 3 3 3 3
10000000000000000000000000101001 13 2 24989 2 37 2 23 2 5323
10000000000000000000000000110001 3 2 5 2 2389 2 5 2 101
10000000000000000000000000110111 3 2 3 2 5 2 43 2 7
10000000000000000000000000111011 17 2 3 2 5 2 5 2 101
10000000000000000000000001000101 373 2 563 2 4282609 2 3 2 109
10000000000000000000000001001011 7 7 11 53 17 3 3 3 3
10000000000000000000000001001111 3 2 3 2 5 2 23 2 113
10000000000000000000000001010001 13337 2 47 2 37 2 3 2 647
10000000000000000000000001010011 181 29 7 7 13 3 29 3 3
10000000000000000000000001010111 5 2 3 2 5 2 3 2 311
10000000000000000000000001011001 7 5 43992547 43 11 3 61 3 3
10000000000000000000000001011011 3 2 3 2 5 2 11 2 7
10000000000000000000000001011101 13 2 3 2 5 2 3 2 157
10000000000000000000000001100001 3 2 5 2 13 2 41 2 13
10000000000000000000000001100011 1933 11 1483423 11 11 3 3 3 3
10000000000000000000000001100111 3 2 3 2 5 2 5 2 2663
10000000000000000000000001101101 3 2 3 2 5 2 47 2 7
10000000000000000000000001110101 5 2 3 2 5 2 3 2 36178969
10000000000000000000000001110111 11 1093 11 7 2027 11 17 3 12113
10000000000000000000000001111101 41 7013 167 11 191 17 5 3 857
10000000000000000000000001111111 3 2 5 2 71 2 7 2 3
10000000000000000000000010000011 7 2 13 2 37 2 11 2 4133
10000000000000000000000010000101 3 2 5 2 467 2 73 2 521
10000000000000000000000010001001 5 2 2179 2 17 2 5 2 1069
10000000000000000000000010001111 359 2 3 2 5 2 809 2 7
10000000000000000000000010010111 3 2 3 2 5 2 67 2 31
10000000000000000000000010011011 23 2 3 2 5 2 31 2 17
10000000000000000000000010011101 3 2 3 2 5 2 5 2 347161
10000000000000000000000010011111 7 5 1373 7 13 191 3 3 13
10000000000000000000000010100001 17 2 11 2 37 2 73 2 503
10000000000000000000000010100011 3 1429 463 3 7 3 71 3 3
10000000000000000000000010100111 5 2 3 2 5 2 47 2 223903
10000000000000000000000010101001 3 5 53 3 7 3 431 3 3
10000000000000000000000010101101 7 2 3 2 5 2 37 2 67
10000000000000000000000010110001 5 23 607 257 71 3 3 3 3
10000000000000000000000010110011 11197 2 3 2 5 2 5 2 101
10000000000000000000000010110101 3 2 3 2 5 2 29 2 7
10000000000000000000000010110111 2207 7 7 27073 1353269 13 3 3 61
10000000000000000000000010111011 3 353 491 3 7 5 17 3 7
10000000000000000000000010111111 53 2 41 2 11 2 7 2 3
10000000000000000000000011000001 3 2 5 2 33329 2 61 2 4417493
10000000000000000000000011000011 17 337 7 431203 241 3 3 3 3
10000000000000000000000011000101 5 23 13 11 41 3 1249 3 3
10000000000000000000000011001001 7 7 601 397 13 3 3 3 3
10000000000000000000000011001011 73 2 3 2 5 2 29 2 157
10000000000000000000000011001111 5 11 199 13 31 5 3 3 7059719
10000000000000000000000011010101 191 2 3 2 5 2 3 2 17
10000000000000000000000011010111 7 11953 13 2539 29 1223 5 3 1280659
10000000000000000000000011011001 3 2 3 2 5 2 5 2 7
10000000000000000000000011011111 3 2 5 2 9769 2 7 2 3
10000000000000000000000011100001 19 1433 149 113 29 3 3 3 3
10000000000000000000000011100101 3 2 3 2 5 2 461 2 1327
10000000000000000000000011101001 3847 2 3 2 5 2 11 2 31
10000000000000000000000011101011 3 17 269 3 7 11 5 3 179
10000000000000000000000011101101 5 7 5861 13 17 5 3 3 18097
10000000000000000000000011110001 3 2 3 2 5 2 283 2 13
10000000000000000000000011110011 7 139 11 101 23 26540273 3 3 23
10000000000000000000000011110111 3 2 5 2 42961 2 7 2 3
10000000000000000000000011111001 13 5 4177 11 79 13 3 3 107
10000000000000000000000011111011 11 2 7 2 37 2 7 2 3
10000000000000000000000011111111 28619 7 3 1229 73 811 3 3 19
10000000000000000000000100000001 5 13 3 41 2843 5 97 3 17
10000000000000000000000100000011 3 2 5 2 11 2 5 2 31
10000000000000000000000100000101 47 2 383 2 23 2 3 2 13
10000000000000000000000100001101 101 5 19 11 881 3 17 3 3
10000000000000000000000100001111 3 2 3 2 5 2 2029 2 77573
10000000000000000000000100010001 11 2 191 2 1405424159 2 3 2 443
10000000000000000000000100010011 13 47 163 35839 17 3 709 3 3
10000000000000000000000100010101 3 11 11 3 137 3 953 3 3
10000000000000000000000100010111 2293 2 3 2 5 2 3 2 13
10000000000000000000000100011101 7 2 3 2 5 2 3 2 7
10000000000000000000000100011111 5 7 17273329 155460463 23 5 11 3 709
10000000000000000000000100100001 3 2 5 2 29 2 5 2 7
10000000000000000000000100100111 3 2 3 2 5 2 11 2 56009221
10000000000000000000000100101001 5 239 2711 28051 11 3 3 3 3
10000000000000000000000100101011 7 2 3 2 5 2 5 2 101
10000000000000000000000100110101 439 2 3 2 5 2 3 2 101
10000000000000000000000100111001 3 2 3 2 5 2 1663 2 293
10000000000000000000000100111111 3 2 5 2 101 2 5 2 3
10000000000000000000000101000011 6379 211 11 17 739 3 691 3 3
10000000000000000000000101000101 3 902347 965191 3 17 3 5 3 3
10000000000000000000000101000111 5 2 3 2 5 2 3 2 17
10000000000000000000000101001101 17077 2 3 2 5 2 3 2 13
10000000000000000000000101010011 11 2 3 2 5 2 3 2 101
10000000000000000000000101010101 7 2 3 2 5 2 11 2 457
10000000000000000000000101010111 3 44741 151 3 13 7753 23 3 23
10000000000000000000000101100011 3 2 3 2 5 2 79 2 3393290053
10000000000000000000000101100101 5 2 3 2 5 2 3 2 53
10000000000000000000000101101001 3 2 3 2 5 2 17 2 7
10000000000000000000000101101011 2377 7 29 11731 11 85121 3 3 3359
10000000000000000000000101101101 17 769 11 587 23 9808291 5 3 19009
10000000000000000000000101101111 3 2 5 2 1223 2 7 2 3
10000000000000000000000101110001 7 2 3 2 5 2 3 2 101
10000000000000000000000101110101 3 19 43 3 53 9497 43 3 7
10000000000000000000000101110111 199 2 967 2 17 2 3 2 3
10000000000000000000000101111011 3 2 5 2 13 2 5 2 3
10000000000000000000000110000001 3 2 5 2 383 2 17 2 4799
10000000000000000000000110000011 5 41131 172849 37 31 3 3 3 3
10000000000000000000000110000111 3 2 3 2 5 2 103 2 67
10000000000000000000000110001101 3 2 3 2 5 2 5 2 17
10000000000000000000000110001111 17 5 23 53 229 11 3 3 1579
10000000000000000000000110010001 31 11 11 179 11 3 5 3 3
10000000000000000000000110010011 3 2 3 2 5 2 31 2 23
10000000000000000000000110010101 11 2 3 2 5 2 3 2 13
10000000000000000000000110010111 5 41 7 19 1627 5 47 3 7
10000000000000000000000110011001 3 2 3 2 5 2 13 2 109
10000000000000000000000110011011 7 23 6043 7 421179497 13 3 3 13
10000000000000000000000110011111 3 2 5 2 157 2 7 2 3
10000000000000000000000110100001 5 7 19 17 1453 3 3 3 3
10000000000000000000000110100011 67 2 3 2 5 2 5 2 101
10000000000000000000000110101001 7 2 3 2 5 2 83 2 41
10000000000000000000000110101011 3 103 11 3 7 5 73 3 576278587
10000000000000000000000110101101 61 5 37 7 11 59 3 3 13
10000000000000000000000110101111 13 2 7211 2 37 2 7 2 3
10000000000000000000000110110001 3 2 3 2 5 2 11 2 7
10000000000000000000000110110101 5 139 113 97 17 5 211 3 29
10000000000000000000000110110111 3 2 5 2 167 2 5 2 3
10000000000000000000000110111001 283 83 89 41 733 179909 3 3 37463
10000000000000000000000110111011 29443 2 349 2 47 2 7 2 3
10000000000000000000000110111101 3 2 5 2 34129 2 7 2 3
10000000000000000000000110111111 5 229 3 7 337 5 3 3 13
10000000000000000000000111000001 11 5 13 5927 492209189 3 11 3 3
10000000000000000000000111000011 3 2 3 2 5 2 2083 2 183877
10000000000000000000000111000101 7 2 3 2 5 2 3 2 739
10000000000000000000000111000111 977 11 29 331 89 17 5 3 29
10000000000000000000000111001001 3 2 3 2 5 2 5 2 259211
10000000000000000000000111001011 37 5 71 3191611 31 37 3 3 3323
10000000000000000000000111001111 3 2 5 2 32749 2 7 2 3
10000000000000000000000111010001 43 2 3 2 5 2 3 2 113
10000000000000000000000111010101 3 5 19 3 23 746947651 73 3 12893
10000000000000000000000111011011 3 2 5 2 17 2 7 2 3
10000000000000000000000111011101 5 2 44651 2 113 2 3 2 3
10000000000000000000000111011111 1051 5 3 11 19 31 59 3 7
10000000000000000000000111100101 29 53 13 29 538939 89 5 3 389
10000000000000000000000111100111 3 2 5 2 13 2 7 2 3
10000000000000000000000111101001 461 5 11 37 61 29 3 3 17
10000000000000000000000111101011 19 2 13 2 37 2 7 2 3
10000000000000000000000111101111 7 13 3 43 11 79 3 3 31
10000000000000000000000111110011 3 2 5 2 19 2 5 2 3
10000000000000000000000111110101 17 2 29 2 37 2 3 2 3
10000000000000000000000111111001 3 2 5 2 11 2 7 2 3
10000000000000000000000111111011 5 7 3 593 137 5 3 3 211
10000000000000000000000111111111 3 2 5 2 37 2 73 2 199
10000000000000000000001000000011 11 2 409 2 208409 2 17 2 43
10000000000000000000001000001001 8849 2 7 2 37 2 6079 2 31
10000000000000000000001000001011 3 17 131 3 7 3 11 3 3
10000000000000000000001000001101 31 11 11 31 20807 3 3 3 3
10000000000000000000001000001111 5 2 3 2 5 2 31 2 601
10000000000000000000001000010001 3 2 5 2 13 2 5 2 19
10000000000000000000001000010011 131 5 7 181 127 3 3 3 3
10000000000000000000001000010101 37 43891 23 221203 311 3 29 3 3
10000000000000000000001000010111 3 2 3 2 5 2 179 2 2310431
10000000000000000000001000011011 6421 2 3 2 5 2 5 2 101
10000000000000000000001000100011 3 31 1097 3 7 3 5 3 3
10000000000000000000001000100111 7 2 3 2 5 2 61 2 5659
10000000000000000000001000101001 3 7 13 3 7 3 587 3 3
10000000000000000000001000101111 3 131 1009 3 7 13298773 107 3 487
10000000000000000000001000110001 13 5 265662937 877 11 3 3 3 3
10000000000000000000001000110011 1949 2 3 2 5 2 13 2 23
10000000000000000000001000110101 3 2 3 2 5 2 23 2 13537
10000000000000000000001000110111 5 17 19 238058311 199 5 3 3 14513353
10000000000000000000001000111001 17 2 3 2 5 2 5 2 7
10000000000000000000001000111011 3 5 13 3 7 131 163 3 53
10000000000000000000001001000001 3 2 5 2 3391 2 11 2 7
10000000000000000000001001000011 7 7 227 73 83 3 3 3 3
10000000000000000000001001000111 3 2 3 2 5 2 5 2 23
10000000000000000000001001001011 5 2 3 2 5 2 43 2 24001
10000000000000000000001001001101 3 2 3 2 5 2 31 2 5669
10000000000000000000001001010011 3 2 3 2 5 2 41 2 7
10000000000000000000001001010101 5 2 3 2 5 2 3 2 75979
10000000000000000000001001010111 71 19 11927527 17 5507 2659286789 6469 3 29
10000000000000000000001001011101 19 17 7 9421 163 97 5 3 2999
10000000000000000000001001011111 3 2 5 2 11 2 7 2 3
10000000000000000000001001100101 3 2 3 2 5 2 5 2 7
10000000000000000000001001101001 5 2 3 2 5 2 67 2 30593
10000000000000000000001001110011 5 1093 43 47 11 5 3 3 61
10000000000000000000001001110111 3 2 5 2 107 2 7 2 3
10000000000000000000001001111011 7 2 1609 2 1535100719 2 7 2 3
10000000000000000000001001111101 3 2 5 2 1109 2 7 2 3
10000000000000000000001001111111 13 11 3 97304201 19 17 3 3 31
10000000000000000000001010000101 89 41 463 7 149 3 3 3 3
10000000000000000000001010000111 5 2 3 2 5 2 101 2 7
10000000000000000000001010001001 3 5 11 3 7 3 3181 3 3
10000000000000000000001010001011 2579 2 3 2 5 2 3 2 13
10000000000000000000001010001101 59 2 3 2 5 2 23 2 877
10000000000000000000001010010001 5 89 7 53 109 3 3 3 3
10000000000000000000001010010011 29 2 3 2 5 2 5 2 101
10000000000000000000001010010101 3 2 3 2 5 2 1471 2 103
10000000000000000000001010011111 17 2 7 2 37 2 7 2 3
10000000000000000000001010100001 3 9643 73 3 7 3 6389 3 3
10000000000000000000001010100011 37369 2 3 2 5 2 3 2 179
10000000000000000000001010100101 5 2 3 2 5 2 2437 2 17
10000000000000000000001010100111 3 41 149 3 7 47 73 3 281783
10000000000000000000001010101001 19 2 3 2 5 2 3 2 47
10000000000000000000001010110011 3 5 269 3 7 53 43 3 7
10000000000000000000001010110101 307 997 11 17 11 41 3 3 31
10000000000000000000001010110111 233 2 193 2 499 2 7 2 3
10000000000000000000001010111001 3 7 13 3 7 5 17 3 8011
10000000000000000000001010111011 41 2 7 2 19 2 3 2 3
10000000000000000000001010111111 3 59 3 3 7 13 11677 3 3499
10000000000000000000001011000001 7 7 89 1471 23 3 3 3 3
10000000000000000000001011000011 5 2 3 2 5 2 191 2 83
10000000000000000000001011000101 3 2 3 2 5 2 11 2 347
10000000000000000000001011000111 31 263 2269 34082533 13 13 3 3 31
10000000000000000000001011001001 11 2 3 2 5 2 31 2 491289881
10000000000000000000001011001111 7 2 1549319 2 19 2 7 2 3
10000000000000000000001011010001 3 2 3 2 5 2 8179 2 7
10000000000000000000001011010011 43 7 107 13399 17 17 3 3 193
10000000000000000000001011010101 421 11 53 79 353 47513 5 3 273067
10000000000000000000001011010111 3 2 5 2 2593 2 7 2 3
10000000000000000000001011011011 47 2 11 2 23 2 7 2 3
10000000000000000000001011011101 3 2 5 2 29 2 7 2 3
10000000000000000000001011011111 11 31 3 7 8260337 211 3 3 13
10000000000000000000001011100111 13 2 13 2 283 2 5 2 3
10000000000000000000001011101001 3 6173 7 3 7 223 5 3 7
10000000000000000000001011101011 5 2 17 2 13 2 3 2 3
10000000000000000000001011101101 8713 2 9003233 2 101 2 7 2 3
10000000000000000000001011110001 23 617 113 29 15507203 131 3 3 3416069
10000000000000000000001011110011 37 2 7 2 41 2 7 2 3
10000000000000000000001011110101 3 2 5 2 23 2 7 2 3
10000000000000000000001011110111 1153 7 3 97304941 11 59 3 3 283
10000000000000000000001011111001 7 2 1530791929 2 37 2 7 2 3
10000000000000000000001011111101 79 8354807 3 19 13 9043 3 3 29
10000000000000000000001011111111 5 2 17 2 47 2 293 2 353
10000000000000000000001100000001 3 2 5 2 83791 2 5 2 101
10000000000000000000001100000011 59 5 161932759 7 13 3 3 3 3
10000000000000000000001100000101 17 7 11 79 47 3 11 3 3
10000000000000000000001100000111 3 2 3 2 5 2 31 2 53
10000000000000000000001100001001 5 8779853 1987 31 1073601421 3 3 3 3
10000000000000000000001100001011 11 2 3 2 5 2 5 2 101
10000000000000000000001100001101 3 2 3 2 5 2 547 2 811
10000000000000000000001100001111 113 211 13 193 55921 107 3 3 19
10000000000000000000001100010011 3 2 3 2 5 2 17 2 332837
10000000000000000000001100010101 7 2 3 2 5 2 3 2 7
10000000000000000000001100011001 3 2 3 2 5 2 37 2 271
10000000000000000000001100011011 13 73 11 3467 30469 11 3 3 7
10000000000000000000001100011101 5 224669 331 7 29 5 43 3 157
10000000000000000000001100011111 3 2 5 2 19 2 5 2 3
10000000000000000000001100100001 11 5 37 37 653 3 3 3 3
10000000000000000000001100100011 7 2 3 2 5 2 13 2 2309
10000000000000000000001100100101 3 2 3 2 5 2 113 2 19
10000000000000000000001100100111 5 5031833 61 7 307 5 3 3 13
10000000000000000000001100101001 43 2 3 2 5 2 5 2 43
10000000000000000000001100101111 373 2 883 2 11 2 7 2 3
10000000000000000000001100110011 877 4945103 349 4519 19 29 3 3 157
10000000000000000000001100111001 47 139 23 73 11 479 3 3 1499831
10000000000000000000001100111011 5 2 47 2 67 2 7 2 3
10000000000000000000001100111101 3 2 5 2 61 2 5 2 3
10000000000000000000001100111111 7 5 3 17 5879 11299 3 3 7
10000000000000000000001101000011 3 2 3 2 5 2 157 2 1249
10000000000000000000001101000101 5 2 3 2 5 2 3 2 13
10000000000000000000001101000111 271 359 478139 59 17 28631 11 3 7
10000000000000000000001101001001 3 2 3 2 5 2 11 2 1033
10000000000000000000001101001111 3 2 5 2 397 2 7 2 3
10000000000000000000001101010001 30757 2 3 2 5 2 3 2 101
10000000000000000000001101010101 3 127 7901 3 167 11 643 3 181
10000000000000000000001101011001 5 7481531 7 367 41 5 409 3 17
10000000000000000000001101011011 3 2 5 2 53 2 5 2 3
10000000000000000000001101011101 359 2 73 2 37 2 3 2 3
10000000000000000000001101100011 5 7 103 10853 23 5 3 3 421
10000000000000000000001101100111 3 2 5 2 127 2 7 2 3
10000000000000000000001101101001 7 11 33827 71 73 83 3 3 29
10000000000000000000001101101011 17 2 1789 2 17 2 7 2 3
10000000000000000000001101101101 3 2 5 2 13 2 7 2 3
10000000000000000000001101110001 127 5 43 17 431 13 617 3 1206061
10000000000000000000001101110101 4877 2 23 2 83 2 3 2 3
10000000000000000000001101110111 5 11 3 37 13051789 5 5 3 17
10000000000000000000001101111001 3 2 5 2 773 2 5 2 3
10000000000000000000001101111011 23 5 3 23 11 71 3 3 67
10000000000000000000001110000001 5 11 11 7 277259 3 3 3 3
10000000000000000000001110000011 13 2 3 2 5 2 5 2 7
10000000000000000000001110000111 37 122833 73 23 23745377 809 3 3 59
10000000000000000000001110001111 11 2 20981 2 37 2 7 2 3
10000000000000000000001110010001 3 2 3 2 5 2 661 2 151
10000000000000000000001110010111 3 2 5 2 11 2 5 2 3
10000000000000000000001110011011 79 2 7 2 113 2 7 2 3
10000000000000000000001110011101 3 2 5 2 9833 2 7 2 3
10000000000000000000001110100001 7 2 3 2 5 2 5 2 101
10000000000000000000001110100011 3 5 41 3 7 11 11 3 4817
10000000000000000000001110100111 25031 2 686485573 2 2247131 2 7 2 3
10000000000000000000001110101011 457 2 691 2 23 2 3 2 3
10000000000000000000001110101101 197 2 2729 2 37 2 7 2 3
10000000000000000000001110110011 5 2 14431409 2 87146429 2 7 2 3
10000000000000000000001110110101 3 2 5 2 2713 2 5 2 3
10000000000000000000001110110111 13 5 3 7 17 97 3 3 13
10000000000000000000001110111011 3 24247 3 3 7 3727 167 3 19
10000000000000000000001110111101 5 13 3 11 11 5 3 3 7
10000000000000000000001110111111 31 2 11 2 191 2 5 2 101
10000000000000000000001111000001 3 2 3 2 5 2 31 2 547
10000000000000000000001111001011 7 2 1062343 2 11 2 7 2 3
10000000000000000000001111001101 3 2 5 2 59627 2 7 2 3
10000000000000000000001111001111 31379 17 3 11 23 23 3 3 2341
10000000000000000000001111010101 43 2 97 2 37 2 3 2 3
10000000000000000000001111011001 3 2 5 2 40527701 2 7 2 3
10000000000000000000001111011011 5 101 3 7 61 5 3 3 13
10000000000000000000001111011111 3 2 5 2 29 2 17 2 13828559
10000000000000000000001111100011 9941 2 13 2 53 2 7 2 3
10000000000000000000001111100101 3 2 5 2 11 2 7 2 3
10000000000000000000001111100111 7 13 3 19 29 41 3 3 4253
10000000000000000000001111101001 89 2 19 2 29 2 7 2 3
10000000000000000000001111101111 5 2 17 2 13 2 12163 2 7
10000000000000000000001111110001 3 2 5 2 17 2 5 2 3
10000000000000000000001111110011 17 5 3 29 263 13 3 3 7687
10000000000000000000001111110101 7 13 3 5479 2063 7079209 53 3 883
10000000000000000000001111110111 3 2 5 2 97 2 73 2 47
10000000000000000000001111111001 5 19 3 268778407 2719864621 5 3 3 23
10000000000000000000001111111011 2543 2 317 2 9629 2 5 2 101
10000000000000000000001111111101 3 2 5 2 19 2 59 2 439
10000000000000000000001111111111 19 29 3257 7 5 3 3 3 3
10000000000000000000010000001001 3 2 5 2 19 2 6113 2 17
10000000000000000000010000001011 263 103 7 4597 89459 3 3 3 3
10000000000000000000010000001111 3 2 3 2 5 2 23497 2 71
10000000000000000000010000010001 7 2 23 2 11 2 3 2 277
10000000000000000000010000010011 11 13 29 127 41 3 89 3 3
10000000000000000000010000011011 3 2 3 2 5 2 857 2 1925711
10000000000000000000010000011101 149 2 3 2 5 2 3 2 54049
10000000000000000000010000011111 7 37 193073 11 3841567 11 5 3 757
10000000000000000000010000100001 3 2 5 2 463 2 73 2 16981
10000000000000000000010000100011 5869 359 11 235069 139 3 3 3 3
10000000000000000000010000100111 3 2 3 2 5 2 5 2 7
10000000000000000000010000101001 11 11 19 2575755473 13 3 3 3 3
10000000000000000000010000101111 367 89 103 86197 14767 83 3 3 31
10000000000000000000010000110011 3 2 3 2 5 2 5501 2 773
10000000000000000000010000110101 5 2 3 2 5 2 3 2 31
10000000000000000000010000111001 3 2 3 2 5 2 11 2 853
10000000000000000000010000111011 7 59 4230631 227 12659 23 3 3 622088693
10000000000000000000010000111111 3 2 5 2 72693787 2 7 2 3
10000000000000000000010001000001 67 2 61 2 313 2 3 2 251
10000000000000000000010001000011 163 11 7 7 59 3 6073 3 3
10000000000000000000010001000111 509 2 3 2 5 2 3 2 31
10000000000000000000010001001001 5 87517 3186451 13 881 3 11 3 3
10000000000000000000010001001011 3 2 3 2 5 2 139 2 7
10000000000000000000010001001101 571 2 3 2 5 2 3 2 457
10000000000000000000010001010001 3 71 7 3 256469 3 5 3 3
10000000000000000000010001010011 5 2 3 2 5 2 3 2 1021
10000000000000000000010001010101 11 2 3 2 5 2 19973 2 2999
10000000000000000000010001010111 3 2220671 11 3 2333 103 193 3 7
10000000000000000000010001011001 17 2 3 2 5 2 3 2 78098291
10000000000000000000010001011111 28859 2 7 2 19 2 3 2 3
10000000000000000000010001100001 23 7 11 47 79 3 139 3 3
10000000000000000000010001100011 3 2 3 2 5 2 5 2 13
10000000000000000000010001100101 7 2 3 2 5 2 3 2 59
10000000000000000000010001100111 5 57557 31 7 23869 5 47 3 1291
10000000000000000000010001101001 3 2 3 2 5 2 26927 2 43
10000000000000000000010001101111 3 2 5 2 11 2 7 2 3
10000000000000000000010001110001 5 2 3 2 5 2 3 2 7
10000000000000000000010001110101 3 11 578401 3 73 657207413 29 3 23
10000000000000000000010001111011 3 2 5 2 12721 2 7 2 3
10000000000000000000010001111101 12829 2 19776101 2 1206891979 2 3 2 3
10000000000000000000010001111111 347 791387 3 17 23 9809231 17239 3 57373
10000000000000000000010010000001 3 2 5 2 3593 2 47 2 7
10000000000000000000010010000011 6203 7 53 151 827 3 3 3 3
10000000000000000000010010000101 5 53 40763 13 19 3 6301 3 3
10000000000000000000010010000111 3 2 3 2 5 2 653 2 1373
10000000000000000000010010001001 61 491 7 61 233 3 3 3 3
10000000000000000000010010001101 3 2 3 2 5 2 19309 2 1123
10000000000000000000010010001111 5 13309 135859 7 197 5 3 3 13
10000000000000000000010010010001 181 5 41 29 527377 3 29 3 3
10000000000000000000010010010011 3 2 3 2 5 2 15263 2 7
10000000000000000000010010010111 11 17 47 41 49037 37 5 3 1366433
10000000000000000000010010011001 3 2 3 2 5 2 5 2 11093
10000000000000000000010010011011 89 5 227 11 19 58603 3 3 1120746181
10000000000000000000010010011101 7 47 137 553117657 401 193 41 3 23
10000000000000000000010010011111 3 2 5 2 109 2 7 2 3
10000000000000000000010010100011 5 2 3 2 5 2 11 2 431
10000000000000000000010010100101 3 2 3 2 5 2 17 2 7
10000000000000000000010010100111 41 7 7 2504329 293 11 3 3 23
10000000000000000000010010101001 6673 2 3 2 5 2 59 2 79
10000000000000000000010010101101 5 167 3257 13 23 5 3 3 29
10000000000000000000010010110001 3 2 3 2 5 2 751 2 23
10000000000000000000010010110101 907 1699 7 1097 1801 61 5 3 2719
10000000000000000000010010110111 3 2 5 2 53 2 7 2 3
10000000000000000000010010111011 13 2 19 2 37 2 7 2 3
10000000000000000000010010111101 3 2 5 2 13 2 7 2 3
10000000000000000000010011000011 3 2 3 2 5 2 41 2 4159
10000000000000000000010011001001 3 2 3 2 5 2 1811 2 7
10000000000000000000010011001011 5 7 598393493 13 1664006059 5 3 3 2339
10000000000000000000010011001111 3 2 5 2 103 2 5 2 3
10000000000000000000010011010001 277 2 3 2 5 2 3 2 107
10000000000000000000010011010011 113 1249747 11 7 1327 591488059 5 3 31
10000000000000000000010011010101 3 37 313 3 17 5 647 3 7
10000000000000000000010011010111 29 2 10601561 2 11 2 3 2 3
10000000000000000000010011011011 3 2 5 2 3889 2 7 2 3
10000000000000000000010011011101 479 2 7 2 271 2 3 2 3
10000000000000000000010011011111 5 233 3 13 29 5 701 3 977671
10000000000000000000010011100001 3 2 3 2 5 2 53 2 13
10000000000000000000010011100111 3 2 5 2 29 2 7 2 3
10000000000000000000010011101001 5 29 71 13 29 5 3 3 4900639
10000000000000000000010011101011 23 2 7 2 127 2 7 2 3
10000000000000000000010011101101 3 2 5 2 1291 2 5 2 3
10000000000000000000010011101111 11 5 3 11 709 17 3 3 67213
10000000000000000000010011110001 7 7 19 2113 272761 19751 5 3 173149
10000000000000000000010011110011 3 2 5 2 13 2 7 2 3
10000000000000000000010011110101 31 2 101 2 7459 2 3 2 3
10000000000000000000010011111001 3 2 5 2 17 2 7 2 3
10000000000000000000010011111101 5 3863 3 13 11 5 271 3 3251
10000000000000000000010011111111 3 2 5 2 167 2 11 2 7
10000000000000000000010100000101 3 1010929 5449 3 103 3 5 3 3
10000000000000000000010100000111 5 2 3 2 5 2 3 2 13
10000000000000000000010100001011 3 2 3 2 5 2 24077 2 457
10000000000000000000010100001101 7 2 3 2 5 2 3 2 7
10000000000000000000010100010001 3 7 13 3 149 3 11 3 3
10000000000000000000010100010011 577 2 3 2 5 2 3 2 101
10000000000000000000010100010111 3 313 7 3 17 23 227 3 79
10000000000000000000010100011001 23 2 3 2 5 2 3 2 71
10000000000000000000010100011011 5 11 37 71 2309 5 47 3 31
10000000000000000000010100011111 827 2 43 2 13 2 3 2 3
10000000000000000000010100100101 5 2 3 2 5 2 3 2 67
10000000000000000000010100101101 43 29 109 103 13 55201 5 3 229
10000000000000000000010100101111 3 2 5 2 173 2 7 2 3
10000000000000000000010100110001 11 2 3 2 5 2 3 2 101
10000000000000000000010100110101 3 7 13 3 83 13001 601 3 1373
10000000000000000000010100110111 7 2 21613 2 157 2 3 2 3
10000000000000000000010100111011 3 2 5 2 17 2 5 2 3
10000000000000000000010100111101 13 2 11 2 23 2 3 2 3
10000000000000000000010101000001 3 131 67 3 11 3 5 3 3
10000000000000000000010101000101 7 2 3 2 5 2 20903 2 114259
10000000000000000000010101000111 3 967 157 3 8123 199 73 3 241
10000000000000000000010101001001 137 2 3 2 5 2 3 2 113
10000000000000000000010101001011 29 83 223 37 3301 53 5 3 45631
10000000000000000000010101001101 3 1789 11 3 239 5 17 3 267523
10000000000000000000010101001111 103 2 19 2 727 2 3 2 3
10000000000000000000010101010001 59 2 3 2 5 2 23 2 19
10000000000000000000010101010111 5 2 17 2 7 2 7 2 3
10000000000000000000010101011011 73 2 7 2 11 2 3 2 3
10000000000000000000010101011101 11 2 355027 2 7 2 7 2 3
10000000000000000000010101100001 5 2 3 2 5 2 3 2 17
10000000000000000000010101100011 239 29 53 7 13 617 73 3 1201
10000000000000000000010101101011 3 2 5 2 19 2 7 2 3
10000000000000000000010101101101 47 2 31 2 17 2 3 2 3
10000000000000000000010101110011 11 2 50128607 2 67 2 3 2 3
10000000000000000000010101110101 5 2 17 2 7 2 7 2 3
10000000000000000000010101110111 3 19 3 3 389 13 83 3 7
10000000000000000000010101111001 14813 2 114156943 2 37 2 3 2 3
10000000000000000000010101111111 5 2 17 2 41 2 3 2 23
10000000000000000000010110000011 3 2 3 2 5 2 61 2 17
10000000000000000000010110000101 29 2 3 2 5 2 3 2 13
10000000000000000000010110001001 3 2 3 2 5 2 5 2 41
10000000000000000000010110001011 7 5 11 7 3533 3819199 3 3 13
10000000000000000000010110001111 3 2 5 2 3617 2 7 2 3
10000000000000000000010110010011 5 41 19 11 191 5 1459 3 16127
10000000000000000000010110011011 3 2 5 2 200029 2 7 2 3
10000000000000000000010110011101 5 2 19 2 11 2 3 2 3
10000000000000000000010110100001 3 2 3 2 5 2 37 2 7
10000000000000000000010110100011 23 7 7 780728579 41 110503 3 3 173483
10000000000000000000010110100101 13 37 140587 17 4463 10093 5 3 71
10000000000000000000010110100111 3 2 5 2 11 2 7 2 3
10000000000000000000010110101011 71 2 31 2 37 2 7 2 3
10000000000000000000010110101101 3 2 5 2 41 2 7 2 3
10000000000000000000010110101111 31 950423 3 7 13 11 3 3 13
10000000000000000000010110110011 3 2 5 2 3203 2 5 2 3
10000000000000000000010110110111 53 61 3 268331573 23 71 2287 3 16451
10000000000000000000010110111001 3 2 5 2 106061443 2 7 2 3
10000000000000000000010110111011 5 29 3 19 483233 5 3 3 23
10000000000000000000010110111111 3 2 5 2 19 2 173 2 269
10000000000000000000010111000011 7 167 13 1487 2264725621 1217 5 3 19
10000000000000000000010111000111 19 2 11 2 31 2 3 2 3
10000000000000000000010111001011 3 2 5 2 13 2 7 2 3
10000000000000000000010111001111 5 1697 3 13 61 5 47 3 7
10000000000000000000010111010011 67 2 23 2 37 2 3 2 3
10000000000000000000010111010111 3 41 3 3 433 19 5 3 3499
10000000000000000000010111011001 5 2 7 2 23 2 3 2 3
10000000000000000000010111011111 7 2 83 2 11 2 3 2 13
10000000000000000000010111100011 3 2 5 2 103 2 7 2 3
10000000000000000000010111100101 173 2 61 2 163 2 3 2 3
10000000000000000000010111100111 617 587 3 11 19 67 43 3 61
10000000000000000000010111101001 3 2 5 2 53 2 7 2 3
10000000000000000000010111101011 2531 7 3 79 23 2441 3 3 107
10000000000000000000010111101111 3 2 5 2 159623 2 73 2 3314477
10000000000000000000010111110001 17 2 373 2 19 2 3 2 3
10000000000000000000010111110111 5 2 7 2 13 2 3 2 17
10000000000000000000010111111011 3 2 5 2 37 2 29 2 7
10000000000000000000010111111111 23 11 23 47 5 3 5 3 3
10000000000000000000011000000001 3 2 5 2 17 2 443 2 241
10000000000000000000011000000011 1789 53 7 29137 19 3 3 3 3
10000000000000000000011000000111 3 2 3 2 5 2 5 2 229
10000000000000000000011000001001 7 19 229 34660391 11 3 3 3 3
10000000000000000000011000001101 3 2 3 2 5 2 107 2 171650519
10000000000000000000011000010011 3 2 3 2 5 2 23 2 19
10000000000000000000011000011001 3 2 3 2 5 2 4871 2 83
10000000000000000000011000011111 3 2 5 2 2711 2 7 2 3
10000000000000000000011000100001 37 17 2617 11 269 3 3 3 3
10000000000000000000011000100011 11 2 3 2 5 2 167 2 71
10000000000000000000011000100101 3 2 3 2 5 2 5 2 198463
10000000000000000000011000100111 13 5 359641 67 13 2999 3 3 227
10000000000000000000011000101001 5 2 3 2 5 2 617 2 7
10000000000000000000011000101011 3 7 13 3 7 4129 11 3 181
10000000000000000000011000101111 43 2 71 2 658487 2 5 2 3
10000000000000000000011000110111 3 2 5 2 41 2 7 2 3
